0 48
1 53
2 51
3 48
0 48
1 56
2 53
3 50
0 49
1 55
2 53
3 51
0 51
1 56
2 53
3 51
0 51
1 56
2 54
3 51
0 50
1 56
2 54
3 51
0 50
1 56
2 54
3 51
0 51
1 56
2 54
3 52
0 51
1 56
2 56
3 52
0 51
1 58
2 55
3 52
0 50
1 56
2 54
3 53
0 51
1 57
2 54
3 52
0 51
1 58
2 55
3 52
0 51
1 56
2 55
3 52
0 51
1 58
2 55
3 52
0 51
1 58
2 55
3 52
0 51
1 58
2 55
3 52
0 51
1 58
2 55
3 51
0 52
1 56
2 55
3 52
0 52
1 58
2 54
3 52
0 52
1 58
2 54
3 52
0 52
1 59
2 55
3 52
0 51
1 59
2 56
3 52
0 52
1 59
2 56
3 52
0 53
1 58
2 56
3 53
0 52
1 58
2 56
3 53
0 52
1 59
2 56
3 53
0 52
1 58
2 56
3 53
0 53
1 58
2 56
3 54
0 53
1 59
2 56
3 53
0 52
1 59
2 56
3 52
0 53
1 58
2 56
3 53
0 53
1 59
2 56
3 53
0 54
1 58
2 56
3 53
0 53
1 59
2 56
3 54
0 54
1 59
2 56
3 53
0 54
1 58
2 56
3 53
0 52
1 59
2 57
3 53
0 53
1 59
2 56
3 54
0 53
1 59
2 56
3 53
0 53
1 59
2 57
3 54
0 53
1 59
2 56
3 54
0 54
1 60
2 57
3 55
0 53
1 59
2 57
3 54
0 53
1 60
2 56
3 54
0 54
1 59
2 57
3 53
0 53
1 60
2 56
3 54
0 53
1 60
2 57
3 54
0 53
1 60
2 56
3 54
0 55
1 59
2 57
3 53
0 54
1 59
2 57
3 54
0 54
1 59
2 56
3 54
0 54
1 60
2 57
3 54
0 55
1 60
2 56
3 55
0 54
1 60
2 57
3 54
0 54
1 60
2 57
3 54
0 55
1 59
2 57
3 54
0 55
1 59
2 57
3 55
0 54
1 60
2 57
3 54
0 54
1 60
2 57
3 54
0 54
1 60
2 57
3 55
0 55
1 59
2 57
3 54
0 54
1 60
2 57
3 54
0 55
1 61
2 57
3 54
0 55
1 60
2 57
3 55
0 55
1 60
2 58
3 55
0 55
1 61
2 57
3 55
0 55
1 61
2 57
3 55
0 56
1 60
2 58
3 55
0 56
1 60
2 58
3 55
0 55
1 59
2 58
3 55
0 55
1 61
2 57
3 55
0 55
1 60
2 59
3 55
0 55
1 60
2 58
3 55
0 56
1 61
2 58
3 55
0 56
1 60
2 58
3 54
0 55
1 61
2 58
3 55
0 55
1 60
2 59
3 55
0 56
1 61
2 58
3 55
0 56
1 61
2 58
3 55
0 56
1 60
2 58
3 55
0 54
1 62
2 58
3 55
0 56
1 61
2 58
3 55
0 56
1 61
2 58
3 55
0 56
1 61
2 58
3 55
0 55
1 62
2 58
3 56
0 56
1 61
2 59
3 56
0 55
1 61
2 59
3 56
0 56
1 61
2 58
3 56
0 57
1 61
2 58
3 56
0 56
1 62
2 58
3 56
0 55
1 61
2 59
3 55
0 57
1 60
2 59
3 56
0 55
1 62
2 58
3 56
0 56
1 61
2 58
3 55
0 56
1 60
2 59
3 56
0 56
1 61
2 59
3 56
0 56
1 61
2 59
3 56
0 56
1 60
2 60
3 57
0 56
1 62
2 59
3 56
0 57
1 62
2 58
3 56
0 56
1 62
2 58
3 56
0 56
1 62
2 59
3 56
0 57
1 61
2 59
3 55
0 56
1 61
2 59
3 57
0 57
1 61
2 58
3 56
0 58
1 61
2 59
3 56
0 56
1 62
2 59
3 56
0 57
1 62
2 59
3 56
0 55
1 62
2 60
3 57
0 57
1 61
2 59
3 57
0 56
1 62
2 59
3 56
0 58
1 61
2 59
3 56
0 57
1 61
2 59
3 57
0 57
1 62
2 59
3 57
0 56
1 62
2 59
3 56
0 58
1 61
2 59
3 57
0 57
1 62
2 59
3 57
0 56
1 62
2 59
3 57
0 57
1 62
2 60
3 57
0 57
1 62
2 60
3 57
0 58
1 61
2 59
3 56
0 58
1 62
2 59
3 56
0 57
1 62
2 59
3 56
0 57
1 63
2 60
3 57
0 58
1 61
2 60
3 57
0 57
1 63
2 59
3 57
0 57
1 62
2 59
3 57
0 59
1 61
2 59
3 56
0 58
1 62
2 60
3 57
0 58
1 62
2 60
3 57
0 57
1 63
2 60
3 57
0 57
1 62
2 60
3 57
0 57
1 62
2 60
3 57
0 57
1 63
2 59
3 57
0 58
1 63
2 59
3 57
0 58
1 62
2 59
3 57
0 58
1 63
2 59
3 57
0 58
1 62
2 59
3 56
0 58
1 63
2 59
3 57
0 57
1 61
2 60
3 57
0 58
1 63
2 60
3 58
0 59
1 61
2 60
3 57
0 57
1 63
2 60
3 58
0 56
1 63
2 60
3 58
0 57
1 64
2 60
3 57
0 57
1 62
2 60
3 58
0 57
1 62
2 61
3 57
0 58
1 62
2 60
3 57
0 56
1 63
2 61
3 57
0 58
1 62
2 60
3 57
0 58
1 62
2 60
3 57
0 58
1 63
2 60
3 57
0 56
1 63
2 61
3 58
0 57
1 63
2 60
3 58
0 57
1 63
2 60
3 57
0 58
1 63
2 60
3 58
0 58
1 63
2 61
3 57
0 58
1 63
2 59
3 57
0 58
1 62
2 59
3 58
0 57
1 63
2 60
3 57
0 57
1 64
2 60
3 57
0 57
1 63
2 60
3 58
0 58
1 62
2 60
3 58
0 57
1 63
2 60
3 57
0 58
1 62
2 60
3 57
0 59
1 62
2 61
3 58
0 58
1 63
2 60
3 58
0 57
1 64
2 60
3 58
0 58
1 62
2 60
3 58
0 58
1 62
2 60
3 57
0 59
1 62
2 60
3 58
0 59
1 63
2 60
3 58
0 59
1 63
2 60
3 59
0 57
1 62
2 61
3 58
0 57
1 62
2 60
3 58
0 57
1 64
2 60
3 57
0 58
1 63
2 60
3 58
0 58
1 63
2 59
3 58
0 57
1 63
2 60
3 58
0 57
1 64
2 60
3 58
0 57
1 63
2 59
3 58
0 58
1 63
2 60
3 58
0 57
1 64
2 60
3 58
0 58
1 63
2 60
3 58
0 57
1 63
2 60
3 57
0 58
1 64
2 60
3 57
0 58
1 63
2 59
3 58
0 58
1 63
2 60
3 57
0 58
1 64
2 60
3 58
0 58
1 63
2 60
3 57
0 58
1 64
2 60
3 57
0 58
1 63
2 60
3 58
0 58
1 63
2 60
3 58
0 58
1 62
2 60
3 58
0 58
1 64
2 60
3 57
0 57
1 63
2 60
3 57
0 58
1 64
2 60
3 57
0 58
1 63
2 60
3 57
0 58
1 64
2 59
3 57
0 58
1 64
2 60
3 57
0 58
1 63
2 60
3 57
0 58
1 63
2 60
3 57
0 58
1 62
2 61
3 57
0 58
1 63
2 60
3 57
0 58
1 63
2 61
3 57
0 58
1 63
2 60
3 56
0 58
1 63
2 60
3 56
0 58
1 63
2 60
3 57
0 57
1 62
2 60
3 57
0 58
1 62
2 60
3 57
0 58
1 63
2 60
3 57
0 58
1 62
2 61
3 56
0 58
1 63
2 60
3 57
0 59
1 62
2 60
3 57
0 59
1 62
2 61
3 57
0 57
1 63
2 61
3 56
0 58
1 63
2 60
3 58
0 58
1 63
2 61
3 56
0 57
1 63
2 61
3 57
0 59
1 63
2 60
3 57
0 57
1 63
2 60
3 57
0 58
1 62
2 61
3 58
0 58
1 62
2 60
3 57
0 57
1 63
2 60
3 58
0 58
1 63
2 60
3 57
0 58
1 62
2 60
3 58
0 58
1 63
2 60
3 57
0 58
1 62
2 60
3 58
0 58
1 63
2 60
3 58
0 58
1 63
2 60
3 58
0 57
1 63
2 59
3 58
0 57
1 63
2 60
3 58
0 58
1 62
2 60
3 58
0 58
1 62
2 60
3 58
0 58
1 63
2 60
3 58
0 57
1 63
2 61
3 58
0 58
1 62
2 60
3 58
0 58
1 63
2 59
3 58
0 58
1 62
2 61
3 58
0 57
1 62
2 60
3 58
0 59
1 62
2 60
3 58
0 59
1 64
2 60
3 59
0 59
1 63
2 61
3 58
0 57
1 63
2 60
3 58
0 58
1 61
2 61
3 57
0 58
1 63
2 60
3 58
0 58
1 62
2 62
3 58
0 59
1 62
2 61
3 58
0 59
1 62
2 60
3 58
0 58
1 63
2 60
3 58
0 58
1 63
2 60
3 58
0 59
1 62
2 61
3 58
0 58
1 64
2 61
3 58
0 59
1 63
2 61
3 58
0 59
1 62
2 60
3 58
0 58
1 63
2 61
3 58
0 59
1 62
2 61
3 58
0 58
1 62
2 62
3 58
0 58
1 63
2 61
3 58
0 58
1 63
2 60
3 58
0 58
1 62
2 62
3 57
0 58
1 63
2 61
3 58
0 59
1 62
2 60
3 58
0 57
1 63
2 61
3 58
0 58
1 61
2 61
3 58
0 58
1 62
2 60
3 58
0 58
1 62
2 61
3 58
0 58
1 62
2 62
3 58
0 58
1 61
2 61
3 58
0 57
1 63
2 61
3 57
0 57
1 62
2 61
3 58
0 58
1 62
2 61
3 58
0 58
1 62
2 60
3 59
0 59
1 63
2 60
3 59
0 58
1 63
2 61
3 58
0 58
1 62
2 61
3 59
0 58
1 62
2 62
3 58
0 57
1 62
2 61
3 58
0 58
1 62
2 60
3 58
0 58
1 64
2 60
3 58
0 58
1 63
2 61
3 58
0 58
1 62
2 60
3 58
0 57
1 62
2 61
3 58
0 58
1 62
2 61
3 58
0 58
1 63
2 60
3 57
0 59
1 62
2 60
3 57
0 59
1 62
2 61
3 58
0 59
1 62
2 61
3 58
0 58
1 62
2 61
3 57
0 58
1 62
2 62
3 57
0 58
1 62
2 62
3 58
0 57
1 62
2 62
3 58
0 58
1 64
2 61
3 58
0 59
1 62
2 61
3 57
0 58
1 62
2 61
3 58
0 58
1 63
2 62
3 57
0 58
1 62
2 60
3 58
0 58
1 63
2 61
3 57
0 58
1 63
2 61
3 58
0 58
1 63
2 61
3 58
0 58
1 62
2 62
3 57
0 58
1 62
2 62
3 58
0 58
1 63
2 62
3 58
0 58
1 62
2 62
3 58
0 58
1 63
2 61
3 58
0 58
1 62
2 62
3 57
0 57
1 63
2 62
3 58
0 58
1 62
2 62
3 57
0 58
1 62
2 62
3 58
0 58
1 63
2 61
3 58
0 58
1 63
2 62
3 58
0 57
1 63
2 62
3 58
0 58
1 62
2 62
3 58
0 59
1 63
2 61
3 58
0 59
1 63
2 62
3 58
0 58
1 63
2 62
3 58
0 58
1 63
2 62
3 57
0 58
1 62
2 62
3 57
0 58
1 63
2 61
3 58
0 58
1 63
2 62
3 57
0 59
1 63
2 61
3 57
0 58
1 63
2 62
3 58
0 57
1 62
2 61
3 58
0 58
1 64
2 62
3 58
0 58
1 62
2 62
3 57
0 58
1 63
2 61
3 58
0 59
1 62
2 61
3 58
0 57
1 64
2 61
3 58
0 59
1 62
2 60
3 57
0 58
1 62
2 61
3 58
0 58
1 62
2 62
3 58
0 58
1 63
2 62
3 58
0 58
1 64
2 61
3 58
0 57
1 63
2 62
3 58
