0 48
1 55
2 53
3 50
0 50
1 55
2 54
3 51
0 50
1 56
2 54
3 51
0 51
1 56
2 54
3 51
0 50
1 57
2 54
3 51
0 50
1 55
2 54
3 51
0 52
1 56
2 54
3 51
0 50
1 56
2 54
3 52
0 48
1 51
2 51
3 46
0 47
1 52
2 50
3 46
0 48
1 51
2 49
3 45
0 47
1 50
2 50
3 46
0 48
1 49
2 49
3 45
0 47
1 48
2 50
3 44
0 47
1 51
2 50
3 45
0 46
1 48
2 49
3 45
0 43
1 51
2 49
3 44
0 45
1 49
2 49
3 43
0 46
1 49
2 48
3 47
0 47
1 49
2 49
3 44
0 45
1 54
2 50
3 45
0 45
1 49
2 49
3 44
0 45
1 50
2 49
3 45
0 45
1 51
2 49
3 44
0 43
1 53
2 49
3 44
0 47
1 49
2 50
3 45
0 43
1 53
2 50
3 44
0 43
1 53
2 50
3 45
0 46
1 49
2 50
3 44
0 43
1 51
2 49
3 44
0 45
1 47
2 49
3 45
0 45
1 49
2 49
3 45
0 43
1 49
2 47
3 45
0 46
1 48
2 49
3 44
0 43
1 51
2 47
3 46
0 47
1 51
2 49
3 43
0 46
1 48
2 49
3 44
0 49
1 56
2 54
3 51
0 48
1 50
2 51
3 45
0 47
1 49
2 50
3 45
0 48
1 52
2 49
3 45
0 47
1 49
2 49
3 44
0 44
1 53
2 49
3 45
0 47
1 49
2 49
3 44
0 45
1 49
2 49
3 44
0 45
1 48
2 48
3 44
0 45
1 50
2 49
3 43
0 42
1 50
2 49
3 44
0 44
1 48
2 48
3 43
0 45
1 49
2 48
3 43
0 43
1 49
2 48
3 44
0 43
1 48
2 47
3 43
0 44
1 48
2 48
3 43
0 44
1 50
2 48
3 43
0 44
1 50
2 48
3 43
0 44
1 48
2 48
3 45
0 45
1 47
2 48
3 42
0 44
1 49
2 46
3 43
0 44
1 47
2 48
3 43
0 43
1 50
2 47
3 43
0 45
1 48
2 48
3 43
0 45
1 48
2 49
3 43
0 44
1 50
2 48
3 43
0 45
1 51
2 46
3 45
0 42
1 50
2 48
3 42
0 45
1 47
2 48
3 43
0 45
1 51
2 48
3 45
0 44
1 50
2 49
3 45
0 45
1 50
2 48
3 45
0 45
1 50
2 49
3 45
0 45
1 51
2 49
3 45
0 45
1 50
2 48
3 45
0 45
1 51
2 48
3 46
0 44
1 51
2 49
3 45
0 44
1 50
2 49
3 45
0 45
1 50
2 49
3 46
0 45
1 50
2 49
3 46
0 45
1 50
2 49
3 45
0 44
1 49
2 49
3 45
0 45
1 50
2 49
3 45
0 44
1 50
2 49
3 46
0 45
1 51
2 49
3 45
0 46
1 49
2 49
3 46
0 45
1 51
2 49
3 46
0 46
1 51
2 49
3 46
0 45
1 50
2 49
3 46
0 45
1 50
2 49
3 45
0 45
1 51
2 49
3 46
0 45
1 51
2 49
3 45
0 45
1 50
2 49
3 45
0 45
1 50
2 49
3 45
0 45
1 50
2 49
3 46
0 45
1 49
2 49
3 46
0 46
1 51
2 49
3 46
0 45
1 50
2 49
3 45
0 44
1 51
2 49
3 45
0 45
1 50
2 49
3 46
0 45
1 49
2 49
3 46
0 45
1 50
2 49
3 46
0 45
1 50
2 49
3 46
0 46
1 50
2 49
3 46
0 45
1 51
2 49
3 45
0 46
1 50
2 49
3 46
0 45
1 51
2 49
3 46
0 45
1 51
2 49
3 46
0 45
1 51
2 49
3 45
0 44
1 51
2 49
3 46
0 45
1 50
2 49
3 45
0 45
1 51
2 49
3 47
0 45
1 51
2 49
3 46
0 45
1 51
2 49
3 45
0 45
1 51
2 49
3 46
0 45
1 51
2 49
3 46
0 45
1 51
2 49
3 45
0 44
1 50
2 49
3 46
0 45
1 51
2 49
3 46
0 45
1 51
2 49
3 46
0 44
1 51
2 49
3 46
0 45
1 50
2 49
3 46
0 46
1 50
2 49
3 45
0 45
1 51
2 49
3 45
0 44
1 51
2 49
3 45
0 45
1 50
2 49
3 46
0 45
1 51
2 49
3 45
0 45
1 51
2 49
3 45
0 45
1 51
2 49
3 45
0 45
1 51
2 49
3 45
0 45
1 51
2 49
3 45
0 45
1 51
2 49
3 45
0 45
1 49
2 49
3 45
0 45
1 50
2 49
3 46
0 45
1 50
2 49
3 45
0 45
1 51
2 49
3 46
0 44
1 51
2 49
3 46
0 45
1 51
2 49
3 45
0 45
1 50
2 49
3 46
0 45
1 50
2 49
3 46
0 45
1 50
2 49
3 46
0 45
1 51
2 49
3 46
0 45
1 50
2 49
3 46
0 44
1 51
2 49
3 45
0 45
1 50
2 49
3 46
0 44
1 51
2 49
3 46
0 45
1 51
2 49
3 46
0 45
1 51
2 49
3 45
0 44
1 50
2 49
3 45
0 45
1 50
2 49
3 45
0 45
1 51
2 49
3 45
0 45
1 50
2 49
3 45
0 45
1 50
2 49
3 45
0 44
1 51
2 49
3 46
0 45
1 50
2 49
3 46
0 45
1 51
2 49
3 45
0 45
1 51
2 49
3 46
0 44
1 51
2 49
3 46
0 45
1 50
2 49
3 46
0 45
1 51
2 49
3 46
0 45
1 50
2 49
3 45
0 45
1 50
2 49
3 45
0 45
1 50
2 49
3 46
0 45
1 51
2 49
3 45
0 45
1 51
2 49
3 45
0 45
1 50
2 49
3 45
0 45
1 50
2 49
3 45
0 45
1 51
2 49
3 45
0 46
1 50
2 49
3 46
0 45
1 50
2 49
3 45
0 45
1 51
2 49
3 46
0 45
1 51
2 49
3 45
0 45
1 50
2 49
3 45
0 45
1 51
2 49
3 45
0 45
1 51
2 49
3 46
0 45
1 50
2 49
3 45
0 45
1 50
2 49
3 45
0 46
1 51
2 49
3 45
0 45
1 50
2 49
3 46
0 45
1 51
2 49
3 45
0 45
1 50
2 49
3 45
0 45
1 50
2 49
3 45
0 45
1 50
2 49
3 46
0 46
1 51
2 49
3 45
0 45
1 51
2 49
3 45
0 45
1 50
2 49
3 46
0 45
1 50
2 49
3 45
0 45
1 51
2 49
3 46
0 45
1 50
2 49
3 45
0 45
1 51
2 49
3 45
0 45
1 51
2 49
3 45
0 45
1 51
2 49
3 46
0 45
1 51
2 49
3 46
0 46
1 51
2 49
3 45
0 45
1 50
2 49
3 45
0 45
1 50
2 49
3 46
0 45
1 50
2 49
3 46
0 45
1 51
2 49
3 45
0 45
1 50
2 49
3 46
0 45
1 51
2 49
3 46
0 46
1 51
2 49
3 46
0 45
1 51
2 49
3 45
0 45
1 50
2 49
3 46
0 45
1 51
2 49
3 45
0 45
1 51
2 49
3 45
0 45
1 50
2 49
3 45
0 45
1 51
2 49
3 46
0 46
1 50
2 49
3 45
0 45
1 50
2 49
3 46
0 45
1 50
2 49
3 45
0 45
1 51
2 49
3 46
0 46
1 50
2 49
3 45
0 45
1 51
2 49
3 46
0 45
1 51
2 49
3 45
0 45
1 51
2 49
3 46
0 45
1 51
2 49
3 46
0 45
1 51
2 49
3 45
0 45
1 50
2 49
3 45
0 45
1 51
2 49
3 46
0 45
1 50
2 49
3 45
0 45
1 51
2 49
3 45
0 45
1 51
2 49
3 45
0 45
1 51
2 49
3 45
0 44
1 51
2 49
3 46
0 45
1 51
2 49
3 45
0 45
1 50
2 49
3 45
0 45
1 51
2 49
3 45
0 45
1 51
2 49
3 46
0 45
1 51
2 49
3 45
0 45
1 51
2 49
3 45
0 45
1 51
2 49
3 45
0 45
1 51
2 49
3 45
0 45
1 51
2 49
3 46
0 45
1 51
2 49
3 45
0 45
1 50
2 49
3 46
0 45
1 51
2 49
3 46
0 45
1 50
2 49
3 46
0 45
1 51
2 49
3 45
0 45
1 51
2 49
3 46
0 45
1 50
2 49
3 46
0 46
1 51
2 49
3 45
0 46
1 50
2 49
3 46
0 45
1 51
2 49
3 46
0 45
1 51
2 49
3 46
0 46
1 50
2 49
3 45
0 45
1 50
2 49
3 45
0 45
1 50
2 49
3 46
0 45
1 51
2 49
3 45
0 45
1 51
2 49
3 45
0 44
1 51
2 49
3 46
0 45
1 51
2 49
3 46
0 45
1 51
2 50
3 45
0 45
1 51
2 49
3 46
0 45
1 51
2 49
3 46
0 45
1 51
2 50
3 46
0 44
1 51
2 49
3 46
0 45
1 51
2 49
3 46
0 45
1 52
2 50
3 46
0 45
1 51
2 49
3 46
0 46
1 51
2 49
3 45
0 45
1 51
2 49
3 46
0 45
1 51
2 49
3 45
0 45
1 51
2 49
3 46
0 45
1 51
2 49
3 45
0 45
1 52
2 49
3 45
0 45
1 50
2 49
3 45
0 45
1 51
2 49
3 45
0 45
1 51
2 49
3 46
0 45
1 51
2 49
3 46
0 46
1 51
2 49
3 46
0 45
1 51
2 49
3 46
0 45
1 51
2 49
3 45
0 45
1 50
2 49
3 46
0 45
1 51
2 49
3 45
0 45
1 51
2 49
3 45
0 45
1 51
2 49
3 46
0 45
1 51
2 49
3 46
0 45
1 50
2 49
3 46
0 45
1 51
2 49
3 46
0 45
1 51
2 49
3 46
0 45
1 51
2 49
3 45
0 45
1 50
2 49
3 45
0 45
1 50
2 49
3 45
0 45
1 51
2 49
3 46
0 45
1 50
2 49
3 46
0 45
1 51
2 49
3 45
0 45
1 51
2 49
3 45
0 45
1 50
2 49
3 46
0 45
1 50
2 49
3 45
0 45
1 51
2 49
3 45
0 45
1 51
2 49
3 45
0 45
1 50
2 49
3 46
0 45
1 51
2 49
3 45
0 46
1 50
2 49
3 45
0 45
1 51
2 49
3 45
0 45
1 50
2 49
3 45
0 45
1 51
2 49
3 45
0 45
1 50
2 49
3 46
0 45
1 51
2 49
3 45
0 45
1 51
2 49
3 46
0 45
1 51
2 49
3 45
0 45
1 51
2 49
3 46
0 46
1 51
2 49
3 46
0 45
1 51
2 49
3 46
0 46
1 51
2 49
3 46
0 45
1 50
2 49
3 45
0 45
1 50
2 49
3 46
0 45
1 50
2 49
3 45
0 45
1 50
2 49
3 46
0 45
1 50
2 49
3 46
0 47
1 50
2 49
3 46
0 45
1 50
2 49
3 46
0 46
1 51
2 49
3 45
0 45
1 50
2 49
3 45
0 46
1 51
2 49
3 45
0 45
1 51
2 49
3 46
0 46
1 51
2 50
3 45
0 46
1 51
2 49
3 45
0 45
1 51
2 49
3 46
0 45
1 50
2 49
3 46
0 45
1 51
2 49
3 45
0 45
1 51
2 49
3 46
0 45
1 51
2 49
3 45
0 45
1 51
2 49
3 46
0 45
1 51
2 50
3 46
0 45
1 51
2 49
3 46
0 45
1 51
2 49
3 46
0 45
1 50
2 49
3 47
0 46
1 52
2 49
3 46
0 45
1 51
2 49
3 46
0 45
1 51
2 49
3 46
0 45
1 50
2 49
3 46
0 45
1 51
2 49
3 46
0 46
1 51
2 49
3 46
0 45
1 51
2 49
3 47
0 45
1 51
2 49
3 46
0 45
1 51
2 49
3 46
0 45
1 51
2 49
3 46
0 46
1 50
2 49
3 46
0 46
1 50
2 49
3 45
0 45
1 50
2 49
3 46
0 45
1 50
2 49
3 46
0 45
1 51
2 49
3 46
0 46
1 51
2 49
3 45
0 45
1 51
2 49
3 46
0 45
1 50
2 49
3 45
0 46
1 51
2 49
3 45
0 45
1 50
2 49
3 45
0 46
1 50
2 49
3 46
0 45
1 51
2 49
3 45
0 45
1 50
2 49
3 46
0 46
1 49
2 49
3 46
0 46
1 50
2 49
3 46
0 45
1 51
2 49
3 45
0 45
1 50
2 49
3 45
0 46
1 51
2 49
3 46
0 46
1 50
2 49
3 46
0 46
1 51
2 49
3 45
0 46
1 51
2 49
3 46
0 45
1 51
2 49
3 46
0 45
1 50
2 50
3 46
0 45
1 50
2 49
3 46
0 45
1 50
2 49
3 46
0 45
1 51
2 49
3 46
0 45
1 51
2 49
3 46
0 45
1 51
2 49
3 46
0 45
1 51
2 49
3 46
